place(-3.770, 1.000, -34.855, "Pyromancer", 900)
SetTarget(-3.770, 2.350, -34.855, "Random")
SetTarget(-3.770, 2.350, -34.855, "Farthest")
upgrade(-3.770, 2.350, -34.855, 325)
upgrade(-3.770, 2.350, -34.855, 1000)
upgrade(-3.770, 2.350, -34.855, 2000)
upgrade(-3.770, 2.350, -34.855, 3750)
place(5.901, 1.395, 28.403, "Hunter", 1625)
place(2.686, 1.426, 28.289, "Hunter", 1625)
place(-0.507, 1.456, 28.329, "Hunter", 1625)
place(-3.792, 1.487, 28.265, "Hunter", 1625)
place(6.397, 1.328, 22.328, "Hunter", 1625)
place(3.339, 1.367, 22.397, "Hunter", 1625)
place(0.206, 1.393, 22.345, "Hunter", 1625)
place(-2.953, 1.422, 22.467, "Hunter", 1625)
upgrade(6.397, 2.678, 22.328, 725)
upgrade(3.339, 2.717, 22.397, 725)
upgrade(0.206, 2.743, 22.345, 725)
upgrade(-2.953, 2.772, 22.467, 725)
upgrade(5.901, 2.745, 28.403, 725)
upgrade(2.686, 2.776, 28.289, 725)
upgrade(-0.507, 2.806, 28.329, 725)
upgrade(-3.792, 2.837, 28.265, 725)
